59,4
540,4
540,3
540,2
540,1
540,0
530,5
539,5
539,4
539,3
539,2
539,1
539,0
538,8
538,7
538,6
538,5
538,4
538,3
538,2
538,1
538,0
537,8
537,7
537,6
537,5
537,4
537,3
537,2
537,1
537,0
536,4
536,3
536,2
536,1
536,0
535,6
535,5
535,4
535,3
535,2
535,1
535,0
534,5
534,4
534,3
534,2
534,1
534,0
533,5
533,4
533,3
533,2
533,1
533,0
532,6
532,5
532,4
532,3
532,2
532,1
532,0
531,6
531,5
531,4
531,3
531,2
531,1
531,0
530,4
530,3
530,2
530,1
530,0
529,4
529,3
529,2
529,1
529,0
528,5
528,4
528,3
528,2
528,1
528,0
527,5
527,4
527,3
527,2
527,1
527,0
526,5
526,4
526,3
526,2
526,1
526,0
525,5
525,4
525,3
525,2
525,1
525,0
524,5
524,4
524,3
524,2
524,1
524,0
523,5
523,4
523,3
523,2
523,1
523,0
522,5
522,4
522,3
522,2
522,1
522,0
521,4
521,3
521,2
521,1
521,0
520,4
520,3
520,2
520,1
520,0
519,4
519,3
519,2
519,1
519,0
518,4
518,3
518,2
518,1
518,0
517,4
517,3
517,2
517,1
517,0
516,4
516,3
516,2
516,1
516,0
515,4
515,3
515,2
515,1
515,0
25,6
514,5
514,4
514,3
514,2
514,1
514,0
513,4
513,3
513,2
513,1
513,0
512,3
512,2
512,1
512,0
511,5
511,4
511,3
511,2
511,1
511,0
510,5
510,4
510,3
510,2
510,1
510,0
509,4
509,3
509,2
509,1
509,0
508,3
508,2
508,1
508,0
507,5
507,4
507,3
507,2
507,1
507,0
506,5
506,4
506,3
506,2
506,1
506,0
505,3
505,2
505,1
505,0
504,3
504,2
504,1
504,0
503,4
503,3
503,2
503,1
503,0
502,3
502,2
502,1
502,0
501,5
501,4
501,3
501,2
501,1
501,0
500,4
500,3
500,2
500,1
500,0
499,3
499,2
499,1
499,0
498,8
498,7
498,6
498,5
498,4
498,3
498,2
498,1
498,0
497,7
497,6
497,5
497,4
497,3
497,2
497,1
497,0
496,5
496,4
496,3
496,2
496,1
496,0
495,4
495,3
495,2
495,1
495,0
494,3
494,2
494,1
494,0
493,3
493,2
493,1
493,0
492,5
492,4
492,3
492,2
492,1
492,0
491,5
491,4
491,3
491,2
491,1
491,0
490,5
490,4
490,3
490,2
490,1
490,0
489,5
489,4
489,3
489,2
489,1
489,0
488,7
488,6
488,5
488,4
488,3
488,2
488,1
488,0
487,5
487,4
487,3
487,2
487,1
487,0
486,4
486,3
486,2
486,1
486,0
485,3
485,2
485,1
485,0
484,3
484,2
484,1
484,0
481,4
475,6
475,5
467,6
467,5
463,4
462,6
462,5
478,6
459,5
483,3
483,2
483,1
483,0
482,3
482,2
482,1
482,0
481,3
481,2
481,1
481,0
480,3
480,2
480,1
480,0
479,3
479,2
479,1
479,0
478,5
478,4
478,3
478,2
478,1
478,0
477,5
477,4
477,3
477,2
477,1
477,0
476,6
476,5
476,4
476,3
476,2
476,1
476,0
475,4
475,3
475,2
475,1
475,0
474,3
474,2
474,1
474,0
473,3
473,2
473,1
473,0
472,3
472,2
472,1
472,0
471,4
471,3
471,2
471,1
471,0
470,4
470,3
470,2
470,1
470,0
469,4
469,3
469,2
469,1
469,0
468,4
468,3
468,2
468,1
468,0
467,4
467,3
467,2
467,1
467,0
466,3
466,2
466,1
466,0
465,3
465,2
465,1
465,0
464,3
464,2
464,1
464,0
463,3
463,2
463,1
463,0
462,4
462,3
462,2
462,1
462,0
461,3
461,2
461,1
461,0
460,5
460,4
460,3
460,2
460,1
460,0
459,4
459,3
459,2
459,1
459,0
458,4
458,3
458,2
458,1
458,0
457,3
457,2
457,1
457,0
456,3
456,2
456,1
456,0
455,3
455,2
455,1
455,0
454,3
454,2
454,1
454,0
453,3
453,2
453,1
453,0
452,3
452,2
452,1
452,0
451,3
451,2
451,1
451,0
450,3
450,2
450,1
450,0
449,4
449,3
449,2
449,1
449,0
448,4
448,3
448,2
448,1
448,0
447,4
447,3
447,2
447,1
447,0
446,6
446,5
446,4
446,3
446,2
446,1
446,0
445,5
445,4
445,3
445,2
445,1
445,0
444,5
444,4
444,3
444,2
444,1
444,0
443,4
443,3
443,2
443,1
443,0
442,3
442,2
442,1
442,0
441,3
441,2
441,1
441,0
349,5
349,4
350,5
350,4
348,5
348,4
347,5
347,4
391,5
391,4
343,4
440,4
440,3
440,2
440,1
440,0
439,4
439,3
439,2
439,1
439,0
438,4
438,3
438,2
438,1
438,0
437,4
437,3
437,2
437,1
437,0
436,4
436,3
436,2
436,1
436,0
435,4
435,3
435,2
435,1
435,0
434,4
434,3
434,2
434,1
434,0
433,4
433,3
433,2
433,1
433,0
432,4
432,3
432,2
432,1
432,0
431,4
431,3
431,2
431,1
431,0
430,5
430,4
430,3
430,2
430,1
430,0
429,5
429,4
429,3
429,2
429,1
429,0
428,4
428,3
428,2
428,1
428,0
427,4
427,3
427,2
427,1
427,0
426,3
426,2
426,1
426,0
425,5
425,4
425,3
425,2
425,1
425,0
424,5
424,4
424,3
424,2
424,1
424,0
423,5
423,4
423,3
423,2
423,1
423,0
422,5
422,4
422,3
422,2
422,1
422,0
421,5
421,4
421,3
421,2
421,1
421,0
420,5
420,4
420,3
420,2
420,1
420,0
419,5
419,4
419,3
419,2
419,1
419,0
418,5
418,4
418,3
418,2
418,1
418,0
417,3
417,2
417,1
417,0
416,5
415,5
414,5
416,4
415,4
414,4
416,3
416,2
416,1
416,0
415,3
415,2
415,1
415,0
414,3
414,2
414,1
414,0
413,3
413,2
413,1
413,0
412,3
412,2
412,1
412,0
411,3
411,2
411,1
411,0
410,3
410,2
410,1
410,0
409,3
409,2
409,1
409,0
408,3
408,2
408,1
408,0
407,3
407,2
407,1
407,0
406,5
406,4
406,3
406,2
406,1
406,0
405,5
405,4
405,3
405,2
405,1
405,0
404,5
404,4
404,3
404,2
404,1
404,0
25,5
25,4
403,5
403,4
403,3
403,2
403,1
403,0
402,5
402,4
402,3
402,2
402,1
402,0
401,5
401,4
401,3
401,2
401,1
401,0
400,6
400,5
400,4
400,3
400,2
400,1
400,0
399,5
102,5
82,5
221,6
297,5
326,5
105,5
308,6
305,6
373,6
318,5
322,5
244,5
81,5
149,5
100,5
160,5
99,5
278,5
386,5
393,6
291,6
389,7
176,5
